Sun
1.989e+30
0.0
0.0
0.0
0.0
0.0
0.0

Mercury
3.30104e+23
63198570576.9
-2334892779.66
-5992737005.35
-5988.86902882
42834.3065335
4048.62771728

Venus
4.86732e+24
93820235963.6
55169308051.3
-4665224937.94
-17573.9796672
29990.6027003
1425.75709565

Earth
5.97219e+24
-1.40895124877e+11
-51734422050.1
607849.677222
9775.20681421
-28034.8670356
0.256594882705

Mars
6.41693e+23
1.93907671866e+11
71639657490.6
-3284661865.87
-9370.37353934
24767.6628128
748.896662766

Jupiter
1.89813e+27
-6.61280658658e+11
3.48707230468e+11
13336889425.4
-6672.49703846
-11830.1480247
196.742188297

Saturn
5.68319e+26
-1.99001519436e+11
-1.36446830698e+12
31774492734.5
9788.94481741
-1880.89547605
-357.771979987

Uranus
8.68103e+25
-2.66419583433e+12
-7.93770155926e+11
31587424233.0
2235.59434115
-6652.18098887
-53.7835391801

Neptune
1.0241e+26
-2.36135273962e+12
3.80228985844e+12
-23887132594.2
-4614.62552211
-2912.6197029
166.310205795

Pluto
1.309e+22
-6.43034384885e+12
-1.41553638321e+12
2.01155112091e+12
1597.73196131
-3678.74061622
-68.4984351277

Moon
0
-1.41187590319e+11
-52005118278.6
36269838.9986
10411.1184662
-28777.2392411
-8.2086733739

Phobos
0
1.93907569519e+11
71649036957.2
-3284818471.07
-11506.350636
24776.2841846
730.070418694

Deimos
0
1.93899868337e+11
71617544326.8
-3285188769.68
-8096.06050089
24318.8298885
719.637503595

Io
0
-6.61424240125e+11
3.49102119012e+11
13337130616.7
-23015.1051651
-17795.8419891
201.174841142

Europa
0
-6.61611709538e+11
3.49298171813e+11
13331461416.5
-18557.4674442
-18465.7017316
177.649245522

Ganymede
0
-6.62172872081e+11
3.48117609218e+11
13338545953.7
-661.062798719
-20909.3845682
167.622892582

Callisto
0
-6.63162805069e+11
3.48942048932e+11
13331744632.6
-7678.99723057
-19909.8846717
180.724297253

Amalthea
0
-6.61280648543e+11
3.48889219382e+11
13336497472.5
-33013.6045096
-11835.9589878
361.993546082

Thebe
0
-6.61367402069e+11
3.48499892347e+11
13337741618.7
14974.0767943
-21193.5287554
633.316419137

Adrastea
0
-6.61166349558e+11
3.48647068912e+11
13337007622.6
7938.12750873
15846.1372172
189.710467736

Metis
0
-6.61152666754e+11
3.48707228753e+11
13336866254.7
-6709.62681057
19632.425744
188.007475148

Himalia
0
-6.65899606785e+11
3.57697767066e+11
17704922659.1
-9620.96820176
-13241.4315617
1324.1994341

Elara
0
-6.68396209436e+11
3.4382339958e+11
17859322989.5
-4236.91150742
-14838.8668939
-281.916266776

Pasiphae
0
-6.59596978271e+11
3.24450941774e+11
21898202827.1
-8544.88928319
-10929.7973424
585.742082361

Sinope
0
-6.84975699821e+11
3.66775606434e+11
16115479345.5
-5789.21664291
-10417.2087519
-434.565304711

Lysithea
0
-6.5119407678e+11
3.51710094467e+11
14413382691.9
-7972.65437668
-8856.95592722
1811.78694646

Carme
0
-6.76692303244e+11
3.26512024741e+11
7087558337.38
-7995.88794552
-10435.9999586
31.9246340254

Ananke
0
-6.45517463319e+11
3.64902458747e+11
6502829199.42
-5412.02160233
-13270.1732763
1249.55218964

Leda
0
-6.49892181896e+11
3.46650450836e+11
17987020402.2
-6146.47777671
-9044.9535276
-769.674197849

Callirrhoe
0
-6.75417446639e+11
3.71797316302e+11
18861813911.7
-5616.67949424
-10404.5130729
-678.279674578

Themisto
0
-6.55426538462e+11
3.47189500874e+11
15879551066.3
-5598.53086747
-8371.14297151
-2739.42797623

Megaclite
0
-6.89200739206e+11
3.42322654784e+11
28056329110.7
-7332.00704427
-10389.7482854
394.233292649

Taygete
0
-6.44550235215e+11
3.29834522304e+11
12591981236.6
-7830.53795858
-13566.8125261
709.031891923

Chaldene
0
-6.37345407938e+11
3.52586356127e+11
18599257801.9
-6778.91322141
-13966.2823743
-218.47368785

Harpalyke
0
-6.44944619505e+11
3.67426559032e+11
8416473884.98
-5391.75765837
-12996.6525834
1197.06299932

Kalyke
0
-6.43726592438e+11
3.30463835929e+11
20063371005.4
-8436.54177465
-12912.1963128
79.2419568433

Iocaste
0
-6.39500972145e+11
3.4975902283e+11
466555197.68
-6781.85113094
-13839.2102741
253.362476322

Erinome
0
-6.52712995011e+11
3.71536207058e+11
7239732929.73
-4935.06505032
-13102.0398311
133.08131878

Isonoe
0
-6.78224763163e+11
3.28447763944e+11
6471536514.49
-8352.24306063
-10838.3359966
33.9593156468

Praxidike
0
-6.46758464098e+11
3.30622864203e+11
6805695183.08
-7728.25869877
-13486.9840776
1012.44676962

Autonoe
0
-6.47553735691e+11
3.74967503591e+11
5482589584.78
-5242.17447065
-12473.7998899
-534.689459613

Thyone
0
-6.60479202648e+11
3.25928004632e+11
4580685447.88
-8561.01220046
-11852.4067463
1109.64579391

Hermippe
0
-6.71067020832e+11
3.29505373402e+11
25399032922.9
-8607.27108874
-11098.5997513
375.933447549

Aitne
0
-6.80777767508e+11
3.65446148994e+11
8132234816.17
-5694.17465496
-10071.3980979
-228.132335429

Eurydome
0
-6.819673355e+11
3.48923816725e+11
23237091774.3
-6328.32553435
-9648.56302729
-637.902955088

Euanthe
0
-6.47997352799e+11
3.42598236344e+11
4630709942.11
-8101.91322617
-14410.5013908
605.310240403

Euporie
0
-6.69771417372e+11
3.31976073977e+11
13994591950.4
-8787.67138184
-11230.4166022
-1256.10873608

Orthosie
0
-6.85311384354e+11
3.50381351829e+11
25010133796.0
-6079.30045343
-10157.0587669
768.511269786

Sponde
0
-6.74915218164e+11
3.23819360698e+11
437538354.361
-8009.33082151
-10923.6470282
-244.134022812

Kale
0
-6.89164203887e+11
3.50425817534e+11
6600130093.43
-6301.17130237
-10035.7403248
43.2895775928

Pasithee
0
-6.68556770063e+11
3.22008975328e+11
20368713261.9
-8358.21854511
-11094.6376004
270.663869678

Hegemone
0
-6.59472640316e+11
3.20885919233e+11
22912926064.4
-8363.47158015
-11350.1851297
559.82342205

Mneme
0
-6.64143325575e+11
3.68175132614e+11
1366387794.41
-4465.29468626
-11848.8782057
521.814231727

Aoede
0
-6.5170074102e+11
3.18125261453e+11
1669824003.42
-8111.42146235
-12055.0824498
41.7098472755

Thelxinoe
0
-6.41269474625e+11
3.39361600813e+11
10219897073.9
-8098.97417164
-13379.6956064
-771.129057258

Arche
0
-6.66432393798e+11
3.6723224934e+11
9190639727.61
-4239.9189341
-10701.0139565
-316.925128163

Kallichore
0
-6.52049729435e+11
3.3039059248e+11
18783007596.0
-8618.17466962
-13472.5633895
312.390241611

Helike
0
-6.62173344157e+11
3.67731495811e+11
12878483930.2
-4263.62265906
-11376.8815778
1327.17291744

Carpo
0
-6.58181623584e+11
3.58438528297e+11
18113350619.5
-9752.21458009
-13101.0756049
2183.02086326

Eukelade
0
-6.41964781891e+11
3.70015811182e+11
17593925080.1
-5438.1267146
-13095.0533885
-202.75962883

Cyllene
0
-6.62650068381e+11
3.17396852294e+11
8751655780.24
-8079.62147358
-12309.6859168
879.927596854

Kore
0
-6.69230138357e+11
3.65486567541e+11
9344087956.61
-4737.02132004
-10489.3163331
-1422.75871205

Herse
0
-6.88604124198e+11
3.54272653725e+11
19302049973.7
-6606.35464486
-9981.98154148
-34.5770976992

S/2000 J 11
0
-6.53346210767e+11
3.54205803735e+11
18523221222.2
-9079.17059491
-9250.81103384
-414.972544017

S/2003 J 2
0
-6.28600427962e+11
3.31744746506e+11
16596690709.4
-7741.49876239
-12818.1678462
713.154447713

S/2003 J 3
0
-6.72217249727e+11
3.34289649796e+11
13070081963.3
-8247.69808671
-10077.9309464
1674.37370786

S/2003 J 4
0
-6.74012058547e+11
3.7025018154e+11
25866835382.5
-4752.87424231
-11602.1884269
347.617117741

S/2003 J 5
0
-6.72041911112e+11
3.63289941269e+11
17006355220.0
-4131.50499154
-10523.385016
578.969753013

S/2003 J 9
0
-6.72569038518e+11
3.61243237321e+11
8835245974.41
-4299.82528107
-9970.78537932
284.201322609

S/2003 J 10
0
-6.76689137095e+11
3.72158526564e+11
16918225923.6
-4862.0630707
-11526.4892527
495.402291212

S/2003 J 12
0
-6.52315622223e+11
3.40177005538e+11
19817704259.9
-7571.68127282
-15015.6200621
474.448797717

S/2003 J 15
0
-6.74214668935e+11
3.60731596731e+11
24866017218.2
-5350.41131956
-9670.4719584
250.934589877

S/2003 J 16
0
-6.45626658962e+11
3.5898993544e+11
10116354665.5
-5685.09341032
-13928.6027974
1592.91757656

S/2003 J 18
0
-6.82544499666e+11
3.47127292807e+11
7049886653.05
-7073.62399289
-9878.8225478
1315.6798066

S/2003 J 19
0
-6.33045645964e+11
3.50887646336e+11
16280951960.3
-6855.32832216
-13651.3473534
603.922078449

S/2003 J 23
0
-6.35252954949e+11
3.45625845347e+11
26358497943.4
-6943.51974976
-13479.9182426
894.624692028

S/2010 J 1
0
-6.53420502774e+11
3.20716201701e+11
12957068369.0
-8326.08747913
-12431.4129532
661.311076934

S/2010 J 2
0
-6.5138619116e+11
3.623991033e+11
5654754426.21
-4674.69158552
-13403.1133998
1272.15524429

S/2011 J 1
0
-6.36464410098e+11
3.43784138211e+11
6773428106.43
-7529.7202075
-13715.2317179
245.740197892

S/2011 J 2
0
-6.77224373635e+11
3.31663853903e+11
17685494292.9
-7670.8033798
-10048.1564863
-814.355341015

Mimas
0
-1.99173605506e+11
-1.36440894515e+12
31773447697.4
4966.61883806
-15624.8277764
33.1827418497

Enceladus
0
-1.99239389493e+11
-1.36447773192e+12
31774488520.0
10288.6915124
-14493.6791601
-358.39397713

Tethys
0
-1.99293007096e+11
-1.36451139699e+12
31769173424.3
11447.7094277
-13103.3679608
-288.985704894

Dione
0
-1.99377717164e+11
-1.36444732206e+12
31774324013.9
9243.18624105
-11908.12516
-359.731221516

Rhea
0
-1.98680155073e+11
-1.36405037894e+12
31777182941.8
3065.56191033
3288.88348821
-334.176251304

Titan
0
-1.97777085459e+11
-1.36418970988e+12
31772729647.5
8629.22570124
3412.9316315
-329.908742573

Hyperion
0
-1.98343604671e+11
-1.3658158624e+12
31783064635.5
14360.1006662
221.369302558
-311.405726454

Iapetus
0
-2.02526800899e+11
-1.36531507397e+12
32263370377.8
10539.1883546
-4961.54191479
-535.351811326

Phoebe
0
-2.10764990555e+11
-1.36629957158e+12
32557702721.2
9251.10314189
-112.394772664
-247.438297009

Janus
0
-1.99150150729e+11
-1.36448884557e+12
31774732433.9
11928.8616382
-17710.4588894
-319.42326043

Epimetheus
0
-1.98850786389e+11
-1.36445792775e+12
31774635513.8
8951.29329993
13960.3160716
-454.100071701

Helene
0
-1.99193483705e+11
-1.3647933138e+12
31775856177.5
18420.0959395
-6978.82114259
-348.95870358

Telesto
0
-1.99109739124e+11
-1.3647424621e+12
31776496987.6
20339.813634
-6041.71851607
-137.281906652

Calypso
0
-1.99184555749e+11
-1.3642371186e+12
31775280640.3
900.034506725
-8914.54657134
-653.03513841

Atlas
0
-1.98866048615e+11
-1.36444336452e+12
31774497921.8
6766.37218872
14437.5603765
-358.376395343

Prometheus
0
-1.99010826629e+11
-1.3643291428e+12
31774504857.0
-6665.32002076
-2945.25980938
-359.184569126

Pandora
0
-1.98868777036e+11
-1.36451919686e+12
31774467465.2
15681.1529309
13332.2842116
-371.720365086

Pan
0
-1.99113041774e+11
-1.36439475479e+12
31774492734.5
511.879244371
-15947.0984888
-357.771979987

Methone
0
-1.99183486995e+11
-1.36439986274e+12
31774473518.6
4871.52475977
-14954.4724809
-360.624662105

Pallene
0
-1.99152251588e+11
-1.3643200168e+12
31774493519.9
379.839265763
-11449.9798615
-357.543134422

Polydeuces
0
-1.99138441634e+11
-1.36411673365e+12
31775283686.5
378.835640296
-5340.26679126
-335.104310085

Daphnis
0
-1.9912378251e+11
-1.36440758314e+12
31774495263.5
2374.25995642
-16809.8296463
-356.955657162

Anthe
0
-1.99045137385e+11
-1.36466053358e+12
31774466437.6
23310.1864056
-4946.14496102
-354.648573378

Aegaeon
0
-1.98952213739e+11
-1.36430832381e+12
31774495367.9
-4597.38127137
2550.96394324
-357.885817394

Ymir
0
-1.75079189305e+11
-1.38117887097e+12
29307537060.7
9073.07952409
-2540.4576078
-412.77751615

Paaliaq
0
-2.08287411467e+11
-1.35681401492e+12
33852117662.2
9188.11610552
-3072.94441433
-1748.95071205

Tarvos
0
-2.10591411083e+11
-1.38194269208e+12
41853347925.3
10694.4207083
-2106.72255518
-915.244718553

Ijiraq
0
-1.99538144952e+11
-1.37121718062e+12
37025653126.7
11705.6193225
-2987.02881368
-1152.81825202

Suttungr
0
-2.07659924464e+11
-1.38008260813e+12
31464373333.9
8526.85247396
-1047.11078792
-248.540890566

Kiviuq
0
-2.01218341189e+11
-1.37463594827e+12
20764942892.3
11057.3578534
-2119.05778984
-458.734965583

Mundilfari
0
-1.80681631649e+11
-1.35858320594e+12
35661618791.4
10426.3122737
-3061.85036909
-184.137542702

Albiorix
0
-2.0337029474e+11
-1.37468031025e+12
36153423493.0
10866.9608794
-3510.15108875
-830.620240517

Skathi
0
-1.89331449872e+11
-1.37967477668e+12
29226228974.6
9011.23704948
-2810.27029768
165.435909363

Erriapus
0
-1.86228466039e+11
-1.37667074808e+12
34848249562.4
10125.0031131
-731.992072443
-1159.74609389

Siarnaq
0
-1.90424082918e+11
-1.37846218279e+12
15571174003.2
10586.8597987
-1133.97188381
-450.215791484

Thrymr
0
-1.97507595302e+11
-1.35014638712e+12
31556671672.4
11560.640211
-1365.68448077
-433.198471549

Narvi
0
-2.19003293462e+11
-1.37616669991e+12
22519613006.0
8928.9559914
-1373.09927167
-70.2337881934

Aegir
0
-2.03773984619e+11
-1.37974853627e+12
28135395453.2
8136.35203338
-1637.00712213
-306.380595531

Bebhionn
0
-1.74707785825e+11
-1.35859807754e+12
33471448712.7
9715.13176721
-1140.49199573
-866.424175052

Bergelmir
0
-2.11687387728e+11
-1.35319851472e+12
37753465250.9
10956.7352572
-951.38190296
-192.705870331

Bestla
0
-1.75547194879e+11
-1.36416609339e+12
16195398324.1
9608.45337925
-2713.7762576
-56.1224671156

Farbauti
0
-2.02569381828e+11
-1.3834082213e+12
24851913844.1
8602.36355519
-1241.87619937
-524.896937755

Fenrir
0
-1.79755082381e+11
-1.37852756176e+12
25422828519.3
9174.63402993
-2883.23925686
-422.905609529

Fornjot
0
-1.99804293837e+11
-1.33476934656e+12
32788122616.7
10793.7715535
-1951.80331259
-527.713161142

Hati
0
-2.16949429083e+11
-1.34424536808e+12
30260642402.4
10429.3633586
-1225.43727469
-586.841169845

Hyrrokkin
0
-2.08604821618e+11
-1.37973575108e+12
33878908767.4
8980.23699866
-886.166195137
-1048.60690787

Kari
0
-2.08053493322e+11
-1.38599541068e+12
37572931110.9
9114.85568948
-912.643961265
-147.851872317

Loge
0
-1.80469999055e+11
-1.36971626217e+12
31746808683.2
9259.68523571
-3262.97898697
-35.9079704776

Skoll
0
-1.84876335526e+11
-1.36344556647e+12
27271223802.7
10678.6952992
-3351.99640175
-404.638471878

Surtur
0
-2.19901524088e+11
-1.3412309941e+12
37278154238.6
10263.0398426
-1165.05318472
-357.916763351

Jarnsaxa
0
-1.83457697617e+11
-1.38085568438e+12
37962318916.8
8908.67131236
-2585.33633326
-265.767798506

Greip
0
-1.97379383762e+11
-1.37999101285e+12
33135552888.9
8146.36197365
-1582.2405431
-356.857017622

Tarqeq
0
-1.96150512365e+11
-1.38440568164e+12
26375823782.0
10639.3951373
-1591.11284488
-1205.92999824

S/2004 S 7
0
-2.11703079141e+11
-1.34385824191e+12
27839694919.4
10321.7769196
-918.276929897
-633.928750566

S/2004 S 12
0
-2.09282677787e+11
-1.37234722072e+12
35181948487.5
8587.97130252
-359.620657171
-354.680418571

S/2004 S 13
0
-2.12807394967e+11
-1.35776346633e+12
34156693156.3
10216.286039
-275.103547831
-107.922107876

S/2004 S 17
0
-1.77358178902e+11
-1.36780304816e+12
34417123921.5
9439.06894833
-3035.6142858
-175.615383732

S/2006 S 1
0
-1.9285945813e+11
-1.34777183632e+12
23932546362.5
11119.2095435
-2200.23547028
-461.195780119

S/2006 S 3
0
-2.27000851403e+11
-1.37734517826e+12
32257436354.7
9399.90818915
-1162.15696158
-38.0962923

S/2007 S 2
0
-1.88355684775e+11
-1.37763878785e+12
32309654354.8
8826.95255146
-3005.48355409
-493.569252438

S/2007 S 3
0
-2.04223378336e+11
-1.38189047052e+12
32079200127.6
8479.85999118
-1209.13081186
-306.532511998

Ariel
0
-2.66438635246e+12
-7.93761063813e+11
31587482187.4
1968.54486448
-12159.7148627
-57.3546306067

Umbriel
0
-2.66436868204e+12
-7.9356928247e+11
31588011553.4
-1317.9983438
-9704.77052086
-55.0912677055

Titania
0
-2.66390878258e+12
-7.93442128958e+11
31586957426.3
-508.298883659
-4248.81373736
-50.6174955905

Oberon
0
-2.66384393011e+12
-7.94235411797e+11
31587742112.8
4746.88142439
-4747.33301215
-50.4626485707

Miranda
0
-2.66406994909e+12
-7.93801607555e+11
31590715381.8
3833.57511072
-179.504964701
422.37553896

Cordelia
0
-2.66417879067e+12
-7.93723355834e+11
31587462967.3
-7899.3460791
-2964.57200146
-40.1607417876

Ophelia
0
-2.66416956784e+12
-7.93817386569e+11
31587493558.9
11308.2945923
-1711.0680475
-66.9330077857

Bianca
0
-2.66422542622e+12
-7.93821479477e+11
31587533466.7
10796.8648316
-11595.2640202
-81.6413595605

Cressida
0
-2.66413684971e+12
-7.93751653729e+11
31587417822.6
-664.573121231
2583.05477563
-53.6419194449

Desdemona
0
-2.66415227181e+12
-7.93815265414e+11
31587441256.6
9149.39243514
24.6329726805
-35.0080011996

Juliet
0
-2.66415561235e+12
-7.93820480294e+11
31587493550.7
9638.65516819
-727.573584555
-57.1994136903

Portia
0
-2.66413339913e+12
-7.93791887848e+11
31587491421.8
5312.33963656
2188.99219165
-52.2332027483

Rosalind
0
-2.66417248798e+12
-7.93836050934e+11
31587086111.5
10816.4632518
-3612.70639853
-48.6440358274

Belinda
0
-2.66413903557e+12
-7.93819588285e+11
31587450217.7
7994.55663954
-34.9530105199
-50.1280564195

Puck
0
-2.66412016457e+12
-7.93811038992e+11
31587850462.7
6136.10770952
569.004194454
-32.9604105189

Perdita
0
-2.66413285586e+12
-7.93725359232e+11
31588056715.7
-2771.68360809
350.750995361
-49.0905955891

Mab
0
-2.6642835091e+12
-7.93726986316e+11
31587490873.2
-1148.69490705
-13568.9260942
-71.0231501069

Cupid
0
-2.66423935297e+12
-7.9383061088e+11
31587524903.6
9386.9250477
-11803.9983299
-44.2902929258

Caliban
0
-2.66997855033e+12
-7.92464948523e+11
31908473535.8
2426.11745819
-5833.3274133
612.396516151

Sycorax
0
-2.65132852111e+12
-7.86789348949e+11
27109600200.4
2220.03212547
-7181.9777958
-72.1092903834

Prospero
0
-2.65240773055e+12
-8.1204181109e+11
34831181331.7
1860.17059772
-6720.82530878
105.852260503

Setebos
0
-2.65491822189e+12
-7.67655326047e+11
31627361207.7
2492.04099578
-6741.74694318
-162.234021853

Stephano
0
-2.66146739672e+12
-8.00030257218e+11
26704606600.5
1435.73597949
-6780.46006452
-30.0100275868

Trinculo
0
-2.67273326289e+12
-7.99599499319e+11
30746924555.6
1862.95081413
-6125.04685704
85.2008294713

Francisco
0
-2.66186150728e+12
-7.96421409223e+11
32744885293.3
1487.65805376
-7581.70690179
-637.84623689

Margaret
0
-2.65380052335e+12
-7.95742962947e+11
26532670006.5
2043.33337705
-6270.12167212
575.275382555

Ferdinand
0
-2.64998290698e+12
-7.93338701154e+11
30096617799.3
2445.22298365
-7336.53654675
-174.636605239

Triton
0
-2.36152688576e+12
3.80257524824e+12
-23768409061.8
-791.239496343
-955.494525413
1069.95871615

Nereid
0
-2.36052325402e+12
3.81156337559e+12
-22794299181.4
-5060.70748953
-3047.63036322
128.074265408

Naiad
0
-2.36133968901e+12
3.80233622886e+12
-23885037785.3
-16058.4676588
272.747588393
991.434956244

Thalassa
0
-2.36133897256e+12
3.8022417097e+12
-23887056712.2
6617.11881796
301.226893726
145.227565755

Despina
0
-2.36138266236e+12
3.80233303999e+12
-23887086506.8
-13988.23386
-9410.24047622
175.425670948

Galatea
0
-2.36134870081e+12
3.80235168095e+12
-23887104841.4
-15095.8629492
-2226.93005998
170.398592176

Larissa
0
-2.36127929306e+12
3.80229535885e+12
-23886913723.4
-5330.4163598
6687.41357246
185.502461882

Proteus
0
-2.36134451082e+12
3.80217247407e+12
-23887233894.3
2987.14687141
-2376.12170397
173.828026399

S/2004 N 1
0
-2.36129593169e+12
3.80220120772e+12
-23887132594.2
2169.05417485
1434.40421287
166.310205795

Halimede
0
-2.36384661202e+12
3.79196921289e+12
-39750431568.4
-5071.64704703
-3210.02838329
261.61673973

Psamathe
0
-2.31073515656e+12
3.76358586539e+12
-47970139019.7
-4697.05714917
-3081.10085155
304.741411244

Sao
0
-2.35515946221e+12
3.78118371301e+12
-42681620906.4
-4315.42757469
-2691.99173066
-12.9349245241

Laomedeia
0
-2.35415048669e+12
3.82606230546e+12
-19820422488.9
-5053.54240192
-3044.55945897
375.121072205

Neso
0
-2.36208487998e+12
3.85091607834e+12
-60765631770.4
-4387.10386667
-2904.56705826
356.452713725

Charon
0
-6.43033285968e+12
-1.41555260644e+12
2.01155109377e+12
1772.55885165
-3560.35614524
-68.4616088587

Nix
0
-6.43034577506e+12
-1.41548774734e+12
2.01155112091e+12
1463.86400163
-3684.04242398
-68.4984351277

Hydra
0
-6.43038278117e+12
-1.41558768163e+12
2.01155141792e+12
1690.94323827
-3749.03099594
-68.8063399834

Kerberos
0
-6.4303463049e+12
-1.4155940629e+12
2.01155085482e+12
1720.63251814
-3683.97713627
-67.7807662574

Styx
0
-6.43038538209e+12
-1.4155450126e+12
2.01155113646e+12
1626.93802503
-3819.20350908
-68.6917361584

1 Ceres
0
2.57344327307e+11
3.27501223561e+11
-37129943430.4
-14380.0604157
9936.97071695
2963.60023084

2 Pallas
0
4.59598786179e+11
-74914524471.2
13269214802.0
-771.387354132
13020.2279273
-8932.43905831

3 Juno
0
-89993742235.6
-4.69267901152e+11
1.10216302184e+11
14412.0738599
-1025.63782432
-352.453119208

4 Vesta
0
-2.12087190321e+11
3.04809756054e+11
16661941594.3
-14146.6115662
-11578.3741084
2067.76818131

5 Astraea
0
-1.16279241581e+11
-3.81464613201e+11
34873100001.7
15769.006931
-8345.36439272
-306.267911241

6 Hebe
0
-2.03627341307e+11
-3.42275520216e+11
1.02970740366e+11
15354.0653706
-6467.45127168
-1390.90712448

7 Iris
0
1.98722575793e+11
-2.9005049098e+11
23976984066.4
13043.037184
14500.7617723
986.547812488

8 Flora
0
2.69043685914e+11
-1.28422764294e+11
-21188939532.5
6753.71361109
20918.2363772
-1420.05625912

9 Metis
0
-2.99822928826e+11
1.61499040541e+11
32972276964.9
-11471.0220247
-16502.1870219
465.739542212

10 Hygiea
0
-1.50537910542e+11
-3.89580344724e+11
-15782364501.1
17309.364342
-7210.71503669
1018.16735674

11 Parthenope
0
2.48619210778e+11
2.58557987779e+11
-28554426525.0
-12572.9934244
14763.3450088
132.922681019

12 Victoria
0
-3.51802263418e+11
-80615674439.1
-35886306227.3
7826.26709895
-16885.5596893
2358.28370286

13 Egeria
0
-1.67763111519e+11
2.95019982539e+11
97955138193.6
-17270.5482216
-10357.9843521
1272.61761401

14 Irene
0
-2.81213151189e+11
1.67908324943e+11
46848091348.3
-9216.02283937
-19306.9939236
1267.59732819

15 Eunomia
0
-3.65658981502e+11
2.03706349117e+11
-53181858022.5
-10403.5588483
-13263.2021022
-3071.49387467

16 Psyche
0
3.70508976472e+11
-1.05168795401e+11
-5001721086.46
4066.34106483
19186.4169684
-1011.21719151

17 Thetis
0
3.67397215651e+11
1.07943182471e+11
-35397671408.4
-2940.34731639
17945.3375262
-787.46018124

18 Melpomene
0
53823888826.0
2.86195339481e+11
-49247648963.3
-21144.4797622
8053.83092855
610.305424763

19 Fortuna
0
2.89396831192e+11
1.06597142799e+11
1605349468.53
-8349.77687884
20673.8061645
-604.788568251

20 Massalia
0
3.67999593085e+11
-40213180628.6
2448964277.19
-586.961766496
18666.7512468
-210.480097402

